ver.2.0 svn 227, btcbenchmark=4.50, ltcbenchmark=0.03
Coin Buy Price  Sell Price Buy Price  Sell Price Difference Difference
     (btctrade) (btctrade) (okcoin)   (okcoin)   (b-o)      (o-b)     
---- ---------- ---------- ---------- ---------- ---------- ----------
2016-08-02 16:54:37
btc     4038.29    4038.73    4031.00    4031.01       7.28      -7.73 *$<**
ltc       25.10      25.14      25.06      25.07       0.03      -0.08 #$<##
btc     4036.06    4037.99    4031.22    4031.29       4.77      -6.77 *****
ltc       25.13      25.14      25.06      25.07       0.06      -0.08 #####
btc     4037.34    4037.99    4032.03    4032.13       5.21      -5.96 *****
ltc       25.13      25.14      25.06      25.07       0.06      -0.08 #####
btc     4037.34    4038.84    4032.44    4032.45       4.89      -6.40 *****
ltc       25.13      25.14      25.06      25.07       0.06      -0.08 #####
btc     4037.78    4040.02    4031.57    4031.58       6.20      -8.45 *****
ltc       25.13      25.14      25.06      25.07       0.06      -0.08 #####
btc     4037.34    4039.00    4031.36    4031.38       5.96      -7.64 *****
ltc       25.13      25.14      25.05      25.06       0.07      -0.09 #####
btc     4037.34    4038.31    4031.01    4031.12       6.22      -7.30 *****
ltc       25.13      25.14      25.05      25.06       0.07      -0.09 #####
btc     4037.34    4038.31    4030.47    4030.57       6.77      -7.84 *****
ltc       25.13      25.14      25.06      25.07       0.06      -0.08 #####
btc     4036.55    4038.24    4030.50    4030.51       6.04      -7.74 *****
ltc       25.13      25.14      25.05      25.06       0.07      -0.09 #####
btc     4037.40    4038.24    4030.60    4030.64       6.76      -7.64 *****
ltc       25.10      25.13      25.05      25.06       0.04      -0.08 #####
btc     4037.42    4038.24    4031.12    4031.26       6.16      -7.12 *****
ltc       25.10      25.12      25.04      25.05       0.05      -0.08 #####
btc     4038.24    4038.31    4032.43    4032.51       5.73      -5.88 *****
ltc       25.10      25.13      25.05      25.06       0.04      -0.08 #####
btc     4038.24    4038.31    4031.85    4031.93       6.31      -6.46 *****
ltc       25.10      25.13      25.05      25.06       0.04      -0.08 #####
btc     4038.24    4038.31    4031.98    4032.00       6.24      -6.33 *****
ltc       25.10      25.13      25.05      25.07       0.03      -0.08 #####
btc     4038.24    4038.31    4031.83    4032.05       6.19      -6.48 *****
ltc       25.10      25.13      25.06      25.07       0.03      -0.07 #####
btc     4038.24    4038.31    4032.03    4032.05       6.19      -6.28 *****
btc     4038.24    4038.31    4031.27    4031.66       6.58      -7.04 *****
btc     4037.80    4038.24    4030.64    4030.65       7.15      -7.60 *****
ltc       25.10      25.13      25.06      25.07       0.03      -0.07 #####
btc     4037.45    4038.31    4030.92    4031.31       6.14      -7.39 *****
ltc       25.10      25.14      25.06      25.07       0.03      -0.08 #####
btc     4037.48    4038.31    4031.01    4031.16       6.32      -7.30 *****
ltc       25.10      25.14      25.06      25.07       0.03      -0.08 #####
btc     4037.45    4038.31    4031.53    4031.64       5.81      -6.78 *****
ltc       25.10      25.14      25.06      25.07       0.03      -0.08 #####
btc     4037.85    4038.31    4031.56    4031.70       6.15      -6.75 *****
ltc       25.10      25.14      25.06      25.07       0.03      -0.08 #####
btc     4037.85    4038.31    4031.94    4032.00       5.85      -6.37 *****
ltc       25.13      25.14      25.06      25.07       0.06      -0.08 #####
btc     4037.85    4038.31    4031.99    4032.03       5.82      -6.32 *****
ltc       25.13      25.15      25.07      25.08       0.05      -0.08 #####
btc     4037.85    4038.31    4031.89    4032.12       5.73      -6.42 *****
ltc       25.13      25.15      25.07      25.08       0.05      -0.08 #####
btc     4037.85    4038.31    4031.82    4031.83       6.02      -6.49 *****
ltc       25.13      25.15      25.07      25.08       0.05      -0.08 #####
btc     4037.85    4038.31    4031.99    4032.04       5.81      -6.32 *****
ltc       25.13      25.15      25.07      25.08       0.05      -0.08 #####
btc     4037.85    4038.31    4031.79    4031.89       5.96      -6.52 *****
ltc       25.13      25.15      25.07      25.08       0.05      -0.08 #####
btc     4037.85    4038.31    4031.94    4032.00       5.85      -6.37 *****
ltc       25.13      25.15      25.07      25.08       0.05      -0.08 #####
btc     4037.85    4038.31    4032.10    4032.12       5.73      -6.21 *****
ltc       25.13      25.15      25.08      25.09       0.04      -0.07 #####
btc     4037.85    4038.31    4032.21    4032.22       5.63      -6.10 *****
ltc       25.13      25.15      25.08      25.09       0.04      -0.07 #####
btc     4037.85    4038.31    4032.10    4032.34       5.51      -6.21 *****
ltc       25.13      25.16      25.08      25.09       0.04      -0.08 #####
btc     4037.85    4038.31    4030.93    4030.96       6.89      -7.38 *****
ltc       25.13      25.16      25.08      25.09       0.04      -0.08 #####
btc     4036.54    4036.55    4031.29    4031.57       4.97      -5.26 *****
ltc       25.13      25.16      25.07      25.08       0.05      -0.09 #####
btc     4037.19    4037.85    4031.14    4031.17       6.02      -6.71 *****
ltc       25.13      25.15      25.07      25.08       0.05      -0.08 #####
btc     4036.80    4037.85    4030.50    4030.53       6.27      -7.35 *****
ltc       25.13      25.15      25.07      25.08       0.05      -0.08 #####
btc     4037.09    4037.38    4031.01    4031.04       6.05      -6.37 *****
ltc       25.13      25.15      25.06      25.07       0.06      -0.09 #####
btc     4036.86    4038.31    4030.72    4030.80       6.06      -7.59 *****
ltc       25.13      25.15      25.06      25.07       0.06      -0.09 #####
btc     4036.74    4038.31    4030.60    4030.63       6.11      -7.71 *****
ltc       25.13      25.15      25.06      25.07       0.06      -0.09 #####
btc     4036.60    4038.31    4030.48    4030.50       6.10      -7.83 *****
ltc       25.13      25.15      25.05      25.06       0.07      -0.10 #####
btc     4036.25    4038.31    4030.00    4030.03       6.22      -8.31 *****
ltc       25.10      25.13      25.04      25.05       0.05      -0.09 #####
btc     4036.06    4037.30    4029.10    4029.43       6.63      -8.20 *****
ltc       25.10      25.12      25.05      25.06       0.04      -0.07 #####
btc     4036.06    4036.17    4028.94    4028.95       7.11      -7.23 *****
ltc       25.10      25.13      25.04      25.05       0.05      -0.09 #####
btc     4035.19    4035.97    4028.01    4028.10       7.09      -7.96 *****
ltc       25.10      25.12      25.03      25.04       0.06      -0.09 #####
btc     4035.00    4035.19    4026.81    4026.96       8.04      -8.38 *****
ltc       25.09      25.10      25.02      25.03       0.06      -0.08 #####
btc     4034.04    4035.00    4025.72    4025.85       8.19      -9.28 *****
ltc       25.09      25.10      25.01      25.02       0.07      -0.09 #####
btc     4032.45    4033.25    4025.82    4025.88       6.57      -7.43 *****
ltc       25.05      25.09      25.00      25.01       0.04      -0.09 #####
btc     4032.52    4033.25    4025.22    4025.33       7.19      -8.03 *****
ltc       25.05      25.09      25.00      25.01       0.04      -0.09 #####
btc     4032.45    4033.25    4024.93    4025.28       7.17      -8.32 *****
ltc       25.05      25.09      25.01      25.02       0.03      -0.08 #####
btc     4031.80    4031.96    4025.60    4025.65       6.15      -6.36 *****
ltc       25.05      25.09      25.00      25.01       0.04      -0.09 #####
2016-08-02 16:57:53
btc     4033.25    4034.93    4026.92    4026.98       6.27      -8.01 *****
ltc       25.05      25.09      24.98      24.99       0.06      -0.11 #####
btc     4033.75    4034.45    4027.68    4027.73       6.02      -6.77 *****
ltc       25.05      25.07      25.01      25.02       0.03      -0.06 #####
btc     4033.75    4034.98    4028.15    4028.41       5.34      -6.83 *****
ltc       25.05      25.09      25.01      25.02       0.03      -0.08 #####
btc     4034.31    4034.98    4028.98    4029.00       5.31      -6.00 *****
ltc       25.05      25.09      25.03      25.04       0.01      -0.06 #####
btc     4030.91    4031.00    4030.02    4030.09       0.82      -0.98 *$=**
ltc       25.05      25.10      25.04      25.05       0.00      -0.06 #####
btc     4035.84    4035.90    4029.88    4030.09       5.75      -6.02 *$<**
ltc       25.05      25.10      25.04      25.05       0.00      -0.06 #####
btc     4035.13    4035.90    4029.76    4029.79       5.34      -6.14 *****
ltc       25.05      25.12      25.04      25.05       0.00      -0.08 #####
btc     4035.32    4035.90    4028.54    4028.75       6.57      -7.36 *****
ltc       25.05      25.12      25.04      25.05       0.00      -0.08 #####
btc     4033.53    4035.32    4027.71    4027.76       5.77      -7.61 *****
ltc       25.05      25.12      25.05      25.06      -0.01      -0.07 #####
btc     4032.72    4034.85    4027.97    4028.00       4.72      -6.88 *****
ltc       25.05      25.13      25.03      25.04       0.01      -0.10 #####
btc     4032.90    4035.00    4028.75    4028.89       4.01      -6.25 *****
ltc       25.05      25.13      25.03      25.04       0.01      -0.10 #####
btc     4033.26    4035.00    4026.37    4027.29       5.97      -8.63 *****
ltc       25.05      25.11      25.03      25.04       0.01      -0.08 #####
btc     4032.83    4033.04    4025.81    4025.83       7.00      -7.23 *****
ltc       25.05      25.11      25.02      25.03       0.02      -0.09 #####
btc     4031.68    4032.49    4025.15    4025.45       6.23      -7.34 *****
ltc       25.05      25.11      25.01      25.02       0.03      -0.10 #####
btc     4031.05    4032.12    4024.68    4025.00       6.05      -7.44 *****
ltc       25.05      25.09      25.01      25.02       0.03      -0.08 #####
btc     4030.91    4032.12    4024.86    4024.88       6.03      -7.26 *****
ltc       25.05      25.09      25.00      25.02       0.03      -0.09 #####
btc     4031.69    4032.49    4026.56    4026.60       5.09      -5.93 *****
ltc       25.05      25.09      25.00      25.01       0.04      -0.09 #####
btc     4032.48    4032.49    4027.12    4027.21       5.27      -5.37 *****
ltc       25.05      25.08      24.99      25.00       0.05      -0.09 #####
btc     4032.49    4033.04    4027.18    4027.24       5.25      -5.86 *****
ltc       25.05      25.09      24.99      25.00       0.05      -0.10 #####
btc     4032.48    4034.35    4026.97    4027.07       5.41      -7.38 *****
ltc       25.05      25.08      24.99      25.00       0.05      -0.09 #####
btc     4034.35    4034.63    4030.71    4030.92       3.43      -3.92 *****
ltc       25.05      25.07      24.99      25.00       0.05      -0.08 #####
btc     4035.72    4035.81    4030.23    4030.30       5.42      -5.58 *****
ltc       25.05      25.07      25.02      25.03       0.02      -0.05 #####
btc     4035.72    4035.81    4028.75    4028.87       6.85      -7.06 *****
btc     4034.63    4034.69    4028.11    4028.16       6.47      -6.58 *****
ltc       25.05      25.09      25.02      25.03       0.02      -0.07 #####
btc     4034.37    4034.69    4029.22    4029.26       5.11      -5.47 *****
ltc       25.05      25.10      25.02      25.03       0.02      -0.08 #####
btc     4033.86    4034.69    4028.50    4028.55       5.31      -6.19 *****
ltc       25.05      25.10      25.02      25.03       0.02      -0.08 #####
btc     4033.31    4035.52    4028.82    4028.95       4.36      -6.70 *****
ltc       25.05      25.10      25.02      25.03       0.02      -0.08 #####
btc     4034.14    4035.81    4029.62    4029.72       4.42      -6.19 *****
ltc       25.05      25.09      25.02      25.03       0.02      -0.07 #####
btc     4034.63    4035.81    4029.38    4029.45       5.18      -6.43 *****
ltc       25.05      25.10      25.01      25.02       0.03      -0.09 #####
btc     4034.14    4035.81    4028.77    4028.90       5.24      -7.04 *****
ltc       25.05      25.10      25.02      25.03       0.02      -0.08 #####
ltc       25.05      25.10      25.03      25.04       0.01      -0.07 #####
btc     4034.44    4035.81    4029.54    4029.60       4.84      -6.27 *****
ltc       25.05      25.11      25.03      25.04       0.01      -0.08 #####
btc     4034.73    4035.81    4029.51    4029.85       4.88      -6.30 *****
ltc       25.05      25.10      25.02      25.03       0.02      -0.08 #####
btc     4034.73    4035.81    4029.41    4029.57       5.16      -6.40 *****
ltc       25.05      25.10      25.03      25.04       0.01      -0.07 #####
btc     4034.73    4035.81    4029.82    4029.95       4.78      -5.99 *****
btc     4034.56    4034.63    4029.14    4029.30       5.26      -5.49 *****
ltc       25.05      25.11      25.04      25.05       0.00      -0.07 #####
btc     4034.88    4035.81    4029.64    4029.71       5.17      -6.17 *****
ltc       25.05      25.12      25.05      25.06      -0.01      -0.07 #####
btc     4034.88    4035.81    4030.94    4031.02       3.86      -4.87 *****
ltc       25.05      25.12      25.04      25.05       0.00      -0.08 #####
btc     4035.35    4035.81    4031.36    4031.44       3.91      -4.45 *****
ltc       25.05      25.14      25.05      25.06      -0.01      -0.09 #####
btc     4035.35    4035.81    4031.76    4031.84       3.51      -4.05 *****
ltc       25.05      25.13      25.05      25.06      -0.01      -0.08 #####
btc     4036.74    4037.69    4031.89    4032.06       4.68      -5.80 *****
ltc       25.05      25.13      25.06      25.07      -0.02      -0.07 #####
btc     4037.00    4038.63    4031.45    4031.55       5.45      -7.18 *****
ltc       25.05      25.13      25.06      25.08      -0.03      -0.07 #####
btc     4037.00    4038.63    4031.30    4031.32       5.68      -7.33 *****
ltc       25.06      25.14      25.07      25.08      -0.02      -0.07 #####
btc     4037.00    4038.63    4030.86    4030.95       6.05      -7.77 *****
ltc       25.06      25.15      25.07      25.08      -0.02      -0.08 #####
btc     4037.00    4037.82    4030.04    4030.07       6.93      -7.78 *****
ltc       25.06      25.14      25.06      25.07      -0.01      -0.08 #####
btc     4035.35    4036.60    4029.49    4029.52       5.83      -7.11 *****
ltc       25.06      25.14      25.06      25.07      -0.01      -0.08 #####
ltc       25.05      25.13      25.05      25.06      -0.01      -0.08 #####
btc     4034.43    4035.04    4029.90    4029.93       4.50      -5.14 *****
ltc       25.05      25.13      25.05      25.06      -0.01      -0.08 #####
btc     4035.11    4037.25    4031.08    4031.09       4.02      -6.17 *****
ltc       25.05      25.13      25.06      25.07      -0.02      -0.07 #####
2016-08-02 17:01:14
btc     4035.89    4037.95    4031.53    4031.60       4.29      -6.42 *****
ltc       25.05      25.14      25.06      25.07      -0.02      -0.08 #####
btc     4036.27    4038.36    4031.17    4031.25       5.02      -7.19 *****
ltc       25.05      25.14      25.06      25.07      -0.02      -0.08 #####
btc     4035.89    4037.62    4030.60    4030.64       5.25      -7.02 *****
ltc       25.06      25.14      25.07      25.08      -0.02      -0.07 #####
btc     4035.89    4037.62    4030.13    4030.14       5.75      -7.49 *****
ltc       25.06      25.15      25.07      25.08      -0.02      -0.08 #####
btc     4035.89    4037.43    4029.81    4029.98       5.91      -7.62 *****
ltc       25.06      25.15      25.06      25.07      -0.01      -0.09 #####
btc     4035.89    4036.37    4029.69    4029.81       6.08      -6.68 *****
ltc       25.05      25.14      25.06      25.07      -0.02      -0.08 #####
btc     4035.04    4035.49    4029.98    4030.00       5.04      -5.51 *****
ltc       25.05      25.14      25.06      25.07      -0.02      -0.08 #####
btc     4035.21    4037.08    4030.56    4030.66       4.55      -6.52 *****
ltc       25.05      25.14      25.06      25.07      -0.02      -0.08 #####
btc     4035.21    4037.91    4030.75    4031.00       4.21      -7.16 *****
ltc       25.06      25.14      25.06      25.07      -0.01      -0.08 #####
btc     4035.53    4037.99    4030.68    4030.70       4.83      -7.31 *****
ltc       25.06      25.13      25.06      25.07      -0.01      -0.07 #####
btc     4035.21    4037.30    4030.48    4030.50       4.71      -6.82 *****
ltc       25.06      25.13      25.05      25.07      -0.01      -0.08 #####
btc     4035.21    4037.30    4030.47    4030.53       4.68      -6.83 *****
ltc       25.05      25.13      25.06      25.07      -0.02      -0.07 #####
btc     4035.23    4037.30    4030.37    4030.39       4.84      -6.93 *****
ltc       25.05      25.13      25.06      25.07      -0.02      -0.07 #####
btc     4035.37    4037.30    4030.22    4030.27       5.10      -7.08 *****
ltc       25.06      25.13      25.06      25.07      -0.01      -0.07 #####
btc     4035.37    4037.30    4030.20    4030.25       5.12      -7.10 *****
ltc       25.05      25.13      25.06      25.07      -0.02      -0.07 #####
btc     4035.37    4037.30    4029.67    4029.72       5.65      -7.63 *****
ltc       25.06      25.13      25.06      25.07      -0.01      -0.07 #####
btc     4035.37    4037.30    4029.03    4029.11       6.26      -8.27 *****
ltc       25.06      25.13      25.06      25.07      -0.01      -0.07 #####
btc     4034.21    4035.61    4028.53    4028.58       5.63      -7.08 *****
ltc       25.05      25.13      25.05      25.06      -0.01      -0.08 #####
btc     4034.04    4035.21    4028.08    4028.09       5.95      -7.13 *****
ltc       25.05      25.13      25.06      25.07      -0.02      -0.07 #####
btc     4034.04    4034.90    4027.59    4027.72       6.32      -7.31 *****
ltc       25.06      25.13      25.05      25.06       0.00      -0.08 #####
btc     4032.63    4033.21    4025.69    4025.94       6.69      -7.52 *****
ltc       25.05      25.13      25.05      25.06      -0.01      -0.08 #####
btc     4031.83    4032.02    4025.31    4025.61       6.22      -6.71 *****
ltc       25.05      25.13      25.05      25.06      -0.01      -0.08 #####
btc     4031.50    4032.02    4025.73    4025.91       5.59      -6.29 *****
ltc       25.05      25.13      25.05      25.06      -0.01      -0.08 #####
btc     4031.50    4032.02    4026.64    4026.80       4.70      -5.38 *****
ltc       25.05      25.13      25.05      25.06      -0.01      -0.08 #####
btc     4031.70    4033.76    4028.32    4028.52       3.18      -5.44 *****
ltc       25.05      25.13      25.05      25.06      -0.01      -0.08 #####
btc     4033.08    4034.55    4028.03    4028.37       4.71      -6.52 *****
ltc       25.05      25.13      25.07      25.08      -0.03      -0.06 #####
btc     4033.06    4035.02    4028.03    4028.23       4.83      -6.99 *****
ltc       25.06      25.13      25.07      25.08      -0.02      -0.06 #####
btc     4032.70    4034.74    4027.51    4027.72       4.98      -7.23 *****
ltc       25.06      25.13      25.07      25.08      -0.02      -0.06 #####
btc     4032.15    4034.74    4027.00    4027.01       5.14      -7.74 *****
ltc       25.06      25.13      25.07      25.08      -0.02      -0.06 #####
btc     4031.70    4034.07    4027.58    4027.71       3.99      -6.49 *****
ltc       25.06      25.13      25.07      25.08      -0.02      -0.06 #####
btc     4032.26    4034.23    4028.36    4028.39       3.87      -5.87 *****
ltc       25.06      25.13      25.07      25.08      -0.02      -0.06 #####
btc     4033.94    4035.80    4030.10    4030.16       3.78      -5.70 *****
ltc       25.08      25.13      25.07      25.08       0.00      -0.06 #####
btc     4035.17    4035.80    4029.53    4029.56       5.61      -6.27 *****
ltc       25.08      25.13      25.07      25.08       0.00      -0.06 #####
btc     4035.17    4035.80    4029.93    4030.18       4.99      -5.87 *****
ltc       25.08      25.13      25.08      25.09      -0.01      -0.05 #####
ltc       25.08      25.13      25.09      25.10      -0.02      -0.04 #####
btc     4035.21    4037.51    4030.16    4030.25       4.96      -7.35 *****
ltc       25.08      25.13      25.09      25.10      -0.02      -0.04 #####
btc     4034.53    4036.83    4030.23    4030.33       4.20      -6.60 *****
ltc       25.09      25.13      25.09      25.10      -0.01      -0.04 #####
btc     4035.32    4036.83    4030.26    4030.27       5.05      -6.57 *****
ltc       25.09      25.13      25.09      25.10      -0.01      -0.04 #####
btc     4034.61    4037.05    4030.41    4030.44       4.17      -6.64 *****
ltc       25.09      25.13      25.10      25.11      -0.02      -0.03 #####
ltc       25.09      25.13      25.10      25.12      -0.03      -0.03 #####
btc     4036.17    4037.56    4032.82    4032.85       3.32      -4.74 *****
ltc       25.10      25.13      25.11      25.12      -0.02      -0.02 #####
btc     4038.17    4038.66    4032.86    4032.93       5.24      -5.80 *****
ltc       25.10      25.13      25.11      25.13      -0.03      -0.02 #####
btc     4038.17    4038.66    4033.21    4033.24       4.93      -5.45 *****
ltc       25.08      25.13      25.12      25.13      -0.05      -0.01 #####
btc     4037.96    4038.17    4032.18    4032.21       5.75      -5.99 *****
ltc       25.10      25.13      25.12      25.13      -0.03      -0.01 #####
ltc       25.11      25.13      25.13      25.15      -0.04       0.00 #$=##
btc     4036.44    4037.96    4031.83    4031.90       4.54      -6.13 *****
ltc       25.11      25.13      25.13      25.14      -0.03       0.00 #####
btc     4036.44    4037.47    4032.03    4032.44       4.00      -5.44 *****
ltc       25.12      25.20      25.14      25.15      -0.03      -0.06 #####
btc     4037.02    4039.02    4032.32    4032.33       4.69      -6.70 *****
btc     4036.84    4038.59    4031.89    4031.90       4.94      -6.70 *****
ltc       25.13      25.20      25.13      25.14      -0.01      -0.07 #####
btc     4036.50    4038.59    4029.67    4029.68       6.82      -8.92 *****
ltc       25.13      25.20      25.13      25.14      -0.01      -0.07 #####
2016-08-02 17:04:22
btc     4035.90    4036.50    4031.08    4031.17       4.73      -5.42 *****
ltc       25.14      25.20      25.14      25.15      -0.01      -0.06 #####
ltc       25.14      25.20      25.14      25.15      -0.01      -0.06 #####
btc     4035.90    4037.74    4030.90    4030.93       4.97      -6.84 *****
ltc       25.14      25.20      25.13      25.15      -0.01      -0.07 #####
btc     4035.90    4036.66    4030.85    4030.88       5.02      -5.81 *****
ltc       25.14      25.20      25.14      25.15      -0.01      -0.06 #####
btc     4035.90    4036.66    4030.95    4030.99       4.91      -5.71 *****
ltc       25.14      25.20      25.15      25.16      -0.02      -0.05 #####
btc     4035.90    4037.71    4030.37    4030.38       5.52      -7.34 *****
ltc       25.14      25.20      25.14      25.15      -0.01      -0.06 #####
btc     4035.90    4037.71    4030.87    4030.96       4.94      -6.84 *****
ltc       25.14      25.20      25.14      25.15      -0.01      -0.06 #####
btc     4035.12    4036.62    4030.71    4030.90       4.22      -5.91 *****
ltc       25.14      25.20      25.14      25.15      -0.01      -0.06 #####
btc     4035.67    4036.62    4030.58    4030.59       5.08      -6.04 *****
ltc       25.14      25.20      25.14      25.15      -0.01      -0.06 #####
btc     4034.91    4036.62    4030.26    4030.41       4.50      -6.36 *****
ltc       25.14      25.20      25.15      25.16      -0.02      -0.05 #####
ltc       25.15      25.20      25.15      25.16      -0.01      -0.05 #####
ltc       25.14      25.20      25.14      25.15      -0.01      -0.06 #####
btc     4035.34    4036.62    4030.61    4030.69       4.65      -6.01 *****
ltc       25.15      25.20      25.15      25.16      -0.01      -0.05 #####
btc     4035.18    4036.62    4031.00    4031.02       4.16      -5.62 *****
ltc       25.15      25.20      25.15      25.16      -0.01      -0.05 #####
btc     4035.18    4036.67    4031.17    4031.18       4.00      -5.50 *****
ltc       25.15      25.20      25.15      25.16      -0.01      -0.05 #####
btc     4035.18    4036.78    4031.00    4031.16       4.02      -5.78 *****
ltc       25.14      25.20      25.16      25.17      -0.03      -0.04 #####
btc     4035.79    4036.78    4031.03    4031.12       4.67      -5.75 *****
ltc       25.15      25.20      25.15      25.16      -0.01      -0.05 #####
btc     4035.09    4036.78    4030.77    4031.12       3.97      -6.01 *****
ltc       25.15      25.20      25.15      25.16      -0.01      -0.05 #####
btc     4035.75    4036.86    4031.56    4031.62       4.13      -5.30 *****
ltc       25.16      25.20      25.15      25.16       0.00      -0.05 #####
btc     4035.75    4036.86    4030.82    4030.84       4.91      -6.04 *****
ltc       25.16      25.20      25.16      25.17      -0.01      -0.04 #####
btc     4035.76    4036.86    4030.55    4030.65       5.11      -6.31 *****
ltc       25.16      25.20      25.16      25.17      -0.01      -0.04 #####
btc     4035.76    4036.86    4030.56    4030.58       5.18      -6.30 *****
btc     4035.09    4036.86    4030.52    4030.55       4.54      -6.34 *****
btc     4035.34    4036.86    4031.10    4031.13       4.21      -5.76 *****
ltc       25.15      25.20      25.17      25.18      -0.03      -0.03 #####
btc     4035.83    4036.97    4030.61    4030.68       5.15      -6.36 *****
ltc       25.15      25.19      25.17      25.19      -0.04      -0.02 #####
btc     4035.83    4036.97    4030.69    4030.71       5.12      -6.28 *****
btc     4035.83    4036.97    4031.06    4031.18       4.65      -5.91 *****
ltc       25.15      25.19      25.17      25.19      -0.04      -0.02 #####
btc     4035.83    4036.92    4031.03    4031.15       4.68      -5.89 *****
ltc       25.16      25.19      25.17      25.18      -0.02      -0.02 #####
btc     4035.83    4037.76    4030.02    4030.07       5.76      -7.74 *****
ltc       25.16      25.19      25.18      25.19      -0.03      -0.01 #####
btc     4035.09    4035.83    4029.57    4029.58       5.51      -6.26 *****
ltc       25.17      25.19      25.18      25.20      -0.03      -0.01 #####
btc     4034.23    4035.51    4030.11    4030.15       4.08      -5.40 *****
ltc       25.17      25.19      25.18      25.19      -0.02      -0.01 #####
btc     4034.56    4036.82    4029.58    4029.69       4.87      -7.24 *****
ltc       25.17      25.20      25.18      25.19      -0.02      -0.02 #####
btc     4033.77    4036.82    4029.62    4029.67       4.10      -7.20 *****
ltc       25.17      25.20      25.18      25.19      -0.02      -0.02 #####
btc     4034.07    4035.32    4029.30    4029.41       4.66      -6.02 *****
ltc       25.17      25.20      25.17      25.19      -0.02      -0.03 #####
btc     4033.94    4035.32    4029.12    4029.13       4.81      -6.20 *****
btc     4033.40    4035.22    4028.32    4028.35       5.05      -6.90 *****
btc     4032.94    4035.09    4028.18    4028.21       4.73      -6.91 *****
ltc       25.16      25.20      25.15      25.16       0.00      -0.05 #####
btc     4032.84    4033.77    4027.92    4028.28       4.56      -5.85 *****
ltc       25.16      25.19      25.15      25.16       0.00      -0.04 #####
btc     4032.75    4033.77    4027.47    4027.50       5.25      -6.30 *****
ltc       25.16      25.19      25.15      25.16       0.00      -0.04 #####
btc     4032.22    4033.77    4027.28    4027.47       4.75      -6.49 *****
ltc       25.16      25.19      25.14      25.15       0.01      -0.05 #####
btc     4031.76    4033.77    4026.96    4027.04       4.72      -6.81 *****
ltc       25.16      25.19      25.14      25.15       0.01      -0.05 #####
btc     4031.61    4033.77    4027.01    4027.14       4.47      -6.76 *****
ltc       25.16      25.19      25.13      25.14       0.02      -0.06 #####
ltc       25.16      25.19      25.14      25.15       0.01      -0.05 #####
btc     4031.57    4032.30    4026.21    4026.26       5.31      -6.09 *****
ltc       25.09      25.18      25.13      25.14      -0.05      -0.05 #####
btc     4031.57    4032.30    4026.13    4026.21       5.36      -6.17 *****
ltc       25.10      25.18      25.14      25.15      -0.05      -0.04 #####
btc     4031.57    4032.30    4026.00    4026.05       5.52      -6.30 *****
ltc       25.10      25.18      25.10      25.11      -0.01      -0.08 #####
ltc       25.10      25.18      25.11      25.12      -0.02      -0.07 #####
btc     4031.45    4032.40    4026.40    4026.46       4.99      -6.00 *****
ltc       25.11      25.18      25.11      25.12      -0.01      -0.07 #####
2016-08-02 17:07:54
btc     4031.45    4032.40    4025.88    4025.95       5.50      -6.52 *****
ltc       25.11      25.18      25.11      25.12      -0.01      -0.07 #####
btc     4031.03    4031.45    4025.90    4025.99       5.04      -5.55 *****
ltc       25.11      25.18      25.11      25.12      -0.01      -0.07 #####
btc     4030.91    4031.45    4026.36    4026.63       4.28      -5.09 *****
ltc       25.11      25.18      25.11      25.12      -0.01      -0.07 #####
btc     4031.45    4032.62    4026.86    4026.87       4.58      -5.76 *****
ltc       25.11      25.17      25.12      25.13      -0.02      -0.05 #####
btc     4031.45    4032.62    4028.07    4028.44       3.01      -4.55 *****
btc     4033.63    4034.09    4029.37    4029.46       4.17      -4.72 *****
ltc       25.11      25.17      25.13      25.14      -0.03      -0.04 #####
btc     4034.39    4035.94    4028.92    4028.96       5.43      -7.02 *****
ltc       25.11      25.18      25.14      25.15      -0.04      -0.04 #####
btc     4033.62    4035.03    4029.48    4029.50       4.12      -5.55 *****
ltc       25.12      25.18      25.13      25.14      -0.02      -0.05 #####
btc     4033.62    4035.56    4029.15    4029.20       4.42      -6.41 *****
ltc       25.12      25.18      25.13      25.14      -0.02      -0.05 #####
btc     4033.69    4035.56    4029.33    4029.39       4.30      -6.23 *****
btc     4033.66    4035.56    4028.96    4028.97       4.69      -6.60 *****
ltc       25.12      25.17      25.13      25.14      -0.02      -0.04 #####
btc     4033.66    4035.56    4028.96    4028.97       4.69      -6.60 *****
btc     4033.66    4035.56    4028.96    4028.97       4.69      -6.60 *****
ltc       25.07      25.17      25.13      25.14      -0.07      -0.04 #####
btc     4034.06    4035.56    4028.96    4028.97       5.09      -6.60 *****
ltc       25.07      25.18      25.13      25.14      -0.07      -0.05 #####
btc     4033.76    4035.93    4028.86    4028.87       4.89      -7.07 *****
ltc       25.08      25.17      25.13      25.14      -0.06      -0.04 #####
btc     4034.17    4036.36    4029.87    4030.00       4.17      -6.49 *****
ltc       25.09      25.17      25.13      25.14      -0.05      -0.04 #####
btc     4034.05    4036.34    4029.62    4029.65       4.40      -6.72 *****
ltc       25.10      25.17      25.13      25.14      -0.04      -0.04 #####
ltc       25.10      25.18      25.14      25.15      -0.05      -0.04 #####
btc     4033.86    4035.81    4029.55    4029.56       4.30      -6.26 *****
ltc       25.11      25.17      25.14      25.15      -0.04      -0.03 #####
btc     4033.86    4035.81    4029.19    4029.34       4.52      -6.62 *****
ltc       25.11      25.17      25.14      25.15      -0.04      -0.03 #####
btc     4033.86    4035.81    4028.59    4028.66       5.20      -7.22 *****
ltc       25.11      25.17      25.14      25.15      -0.04      -0.03 #####
btc     4033.35    4033.76    4027.81    4027.88       5.47      -5.95 *****
ltc       25.12      25.18      25.15      25.16      -0.04      -0.03 #####
btc     4032.66    4033.76    4027.72    4027.73       4.93      -6.04 *****
ltc       25.12      25.20      25.15      25.16      -0.04      -0.05 #####
btc     4032.11    4033.76    4028.86    4028.90       3.21      -4.90 *****
ltc       25.12      25.20      25.15      25.16      -0.04      -0.05 #####
btc     4033.37    4033.76    4028.70    4028.87       4.50      -5.06 *****
ltc       25.13      25.20      25.15      25.16      -0.03      -0.05 #####
btc     4033.37    4033.76    4028.46    4028.47       4.90      -5.30 *****
ltc       25.13      25.19      25.16      25.17      -0.04      -0.03 #####
btc     4033.37    4033.76    4028.79    4028.80       4.57      -4.97 *****
ltc       25.13      25.19      25.16      25.17      -0.04      -0.03 #####
btc     4033.76    4035.34    4028.87    4028.91       4.85      -6.47 *****
ltc       25.14      25.20      25.16      25.17      -0.03      -0.04 #####
btc     4033.76    4034.46    4028.54    4028.57       5.19      -5.92 *****
ltc       25.14      25.19      25.16      25.17      -0.03      -0.03 #####
btc     4033.37    4034.99    4028.38    4028.42       4.95      -6.61 *****
ltc       25.15      25.19      25.15      25.16      -0.01      -0.04 #####
btc     4033.37    4034.48    4028.76    4028.90       4.47      -5.72 *****
ltc       25.14      25.19      25.15      25.16      -0.02      -0.04 #####
btc     4033.37    4034.81    4028.80    4028.81       4.56      -6.01 *****
ltc       25.14      25.20      25.16      25.17      -0.03      -0.04 #####
btc     4033.37    4034.81    4028.70    4028.95       4.42      -6.11 *****
btc     4033.46    4034.81    4028.74    4028.87       4.59      -6.07 *****
ltc       25.15      25.18      25.16      25.18      -0.03      -0.02 #####
btc     4033.37    4035.18    4028.43    4028.55       4.82      -6.75 *****
ltc       25.14      25.18      25.15      25.16      -0.02      -0.03 #####
ltc       25.14      25.20      25.15      25.16      -0.02      -0.05 #####
btc     4033.37    4034.76    4028.99    4029.00       4.37      -5.77 *****
btc     4034.20    4035.24    4028.59    4028.74       5.46      -6.65 *****
ltc       25.15      25.19      25.15      25.16      -0.01      -0.04 #####
btc     4033.97    4035.79    4029.25    4029.66       4.31      -6.54 *****
ltc       25.15      25.19      25.15      25.16      -0.01      -0.04 #####
btc     4035.33    4035.83    4029.66    4029.72       5.61      -6.17 *****
ltc       25.15      25.19      25.16      25.17      -0.02      -0.03 #####
btc     4035.33    4035.58    4029.60    4029.61       5.72      -5.98 *****
ltc       25.15      25.19      25.16      25.17      -0.02      -0.03 #####
btc     4035.33    4035.58    4029.98    4030.00       5.33      -5.60 *****
ltc       25.16      25.19      25.16      25.17      -0.01      -0.03 #####
btc     4035.88    4036.36    4029.72    4030.00       5.88      -6.64 *****
ltc       25.16      25.20      25.16      25.17      -0.01      -0.04 #####
btc     4035.88    4036.75    4029.34    4029.35       6.53      -7.41 *****
ltc       25.16      25.20      25.16      25.17      -0.01      -0.04 #####
btc     4035.33    4036.16    4030.11    4030.14       5.19      -6.05 *****
ltc       25.16      25.20      25.16      25.17      -0.01      -0.04 #####
btc     4036.46    4036.93    4030.94    4030.98       5.48      -5.99 *****
ltc       25.16      25.20      25.17      25.18      -0.02      -0.03 #####
btc     4037.04    4037.85    4030.73    4030.80       6.24      -7.12 *****
ltc       25.16      25.20      25.17      25.18      -0.02      -0.03 #####
btc     4037.04    4037.85    4031.07    4031.12       5.92      -6.78 *****
ltc       25.16      25.20      25.18      25.19      -0.03      -0.02 #####
btc     4036.66    4037.04    4030.30    4030.59       6.07      -6.74 *****
ltc       25.16      25.20      25.18      25.19      -0.03      -0.02 #####
btc     4037.26    4037.82    4030.74    4030.75       6.51      -7.08 *****
ltc       25.16      25.20      25.16      25.17      -0.01      -0.04 #####
2016-08-02 17:11:24
btc     4036.36    4036.76    4030.88    4030.97       5.39      -5.88 *****
ltc       25.16      25.19      25.16      25.17      -0.01      -0.03 #####
btc     4036.36    4036.76    4031.82    4031.90       4.46      -4.94 *****
ltc       25.09      25.19      25.17      25.18      -0.09      -0.02 #####
btc     4036.50    4037.89    4031.73    4031.80       4.70      -6.16 *****
ltc       25.11      25.19      25.18      25.19      -0.08      -0.01 #####
btc     4038.14    4038.69    4031.95    4031.96       6.18      -6.74 *****
ltc       25.12      25.19      25.18      25.19      -0.07      -0.01 #####
btc     4038.14    4038.79    4032.36    4032.63       5.51      -6.43 *****
ltc       25.13      25.19      25.18      25.19      -0.06      -0.01 #####
btc     4038.14    4038.95    4032.61    4032.69       5.45      -6.34 *****
ltc       25.13      25.19      25.18      25.19      -0.06      -0.01 #####
btc     4038.90    4039.48    4032.10    4032.22       6.68      -7.38 *****
ltc       25.14      25.19      25.19      25.20      -0.06       0.00 #####
btc     4038.14    4038.40    4031.21    4031.23       6.91      -7.19 *****
ltc       25.15      25.19      25.19      25.20      -0.05       0.00 #####
btc     4037.46    4037.73    4030.41    4030.62       6.84      -7.32 *****
ltc       25.15      25.19      25.18      25.19      -0.04      -0.01 #####
btc     4036.36    4037.50    4030.68    4031.01       5.35      -6.82 *****
ltc       25.16      25.19      25.19      25.20      -0.04       0.00 #####
btc     4036.36    4037.11    4029.08    4029.29       7.07      -8.03 *****
ltc       25.15      25.20      25.19      25.20      -0.05      -0.01 #####
btc     4034.96    4035.24    4028.46    4028.49       6.47      -6.78 *****
ltc       25.16      25.20      25.18      25.19      -0.03      -0.02 #####
btc     4034.96    4035.75    4028.01    4028.08       6.88      -7.74 *****
btc     4033.00    4033.41    4027.02    4027.13       5.87      -6.39 *****
ltc       25.15      25.19      25.16      25.17      -0.02      -0.03 #####
btc     4033.00    4033.97    4026.97    4026.99       6.01      -7.00 *****
ltc       25.15      25.19      25.16      25.17      -0.02      -0.03 #####
btc     4033.00    4034.12    4026.86    4026.89       6.11      -7.26 *****
ltc       25.15      25.19      25.15      25.16      -0.01      -0.04 #####
btc     4033.00    4033.75    4026.83    4026.93       6.07      -6.92 *****
ltc       25.15      25.19      25.14      25.15       0.00      -0.05 #####
btc     4033.00    4033.75    4026.82    4026.90       6.10      -6.93 *****
ltc       25.08      25.19      25.14      25.15      -0.07      -0.05 #####
btc     4033.00    4033.75    4026.97    4027.00       6.00      -6.78 *****
ltc       25.08      25.19      25.15      25.16      -0.08      -0.04 #####
btc     4033.00    4034.78    4026.50    4026.75       6.25      -8.28 *****
ltc       25.09      25.19      25.15      25.16      -0.07      -0.04 #####
btc     4033.00    4033.52    4026.06    4026.14       6.86      -7.46 *****
ltc       25.10      25.19      25.15      25.16      -0.06      -0.04 #####
btc     4032.32    4032.50    4025.00    4025.09       7.23      -7.50 *****
btc     4030.97    4031.15    4024.00    4024.39       6.58      -7.15 *****
ltc       25.12      25.18      25.14      25.15      -0.03      -0.04 #####
btc     4030.22    4030.97    4022.46    4022.61       7.61      -8.51 *****
ltc       25.12      25.18      25.13      25.14      -0.02      -0.05 #####
btc     4027.04    4027.56    4020.07    4020.63       6.41      -7.49 *****
ltc       25.13      25.19      25.12      25.13       0.00      -0.07 #####
btc     4026.82    4027.26    4020.07    4020.26       6.56      -7.19 *****
ltc       25.12      25.19      25.11      25.12       0.00      -0.08 #####
btc     4026.46    4026.82    4019.19    4019.35       7.11      -7.63 *****
ltc       25.06      25.19      25.09      25.10      -0.04      -0.10 #####
btc     4025.17    4025.79    4019.60    4019.62       5.55      -6.19 *****
btc     4025.19    4025.99    4022.01    4022.04       3.15      -3.98 *****
ltc       25.07      25.17      25.08      25.09      -0.02      -0.09 #####
btc     4028.43    4029.91    4023.70    4023.79       4.64      -6.21 *****
ltc       25.07      25.16      25.09      25.10      -0.03      -0.07 #####
btc     4029.95    4031.15    4025.89    4025.98       3.97      -5.26 *****
ltc       25.07      25.16      25.09      25.10      -0.03      -0.07 #####
btc     4032.08    4032.78    4025.01    4025.02       7.06      -7.77 *****
ltc       25.07      25.15      25.10      25.11      -0.04      -0.05 #####
btc     4031.35    4032.08    4024.45    4024.48       6.87      -7.63 *****
ltc       25.08      25.15      25.11      25.12      -0.04      -0.04 #####
btc     4031.35    4032.02    4024.47    4024.50       6.85      -7.55 *****
ltc       25.07      25.16      25.11      25.12      -0.05      -0.05 #####
btc     4029.39    4030.00    4024.76    4024.77       4.62      -5.24 *****
ltc       25.08      25.15      25.11      25.12      -0.04      -0.04 #####
btc     4029.95    4030.00    4024.56    4024.58       5.37      -5.44 *****
ltc       25.08      25.15      25.11      25.12      -0.04      -0.04 #####
btc     4029.22    4029.95    4022.73    4022.91       6.31      -7.22 *****
ltc       25.08      25.15      25.09      25.10      -0.02      -0.06 #####
btc     4028.43    4029.49    4022.77    4022.80       5.63      -6.72 *****
ltc       25.08      25.16      25.08      25.09      -0.01      -0.08 #####
btc     4028.37    4029.18    4024.00    4024.19       4.18      -5.18 *****
ltc       25.05      25.14      25.08      25.09      -0.04      -0.06 #####
btc     4029.69    4029.95    4022.40    4022.61       7.08      -7.55 *****
btc     4027.13    4029.05    4022.04    4022.11       5.02      -7.01 *****
ltc       25.05      25.14      25.07      25.08      -0.03      -0.07 #####
btc     4029.24    4030.00    4024.01    4024.03       5.21      -5.99 *****
ltc       25.05      25.14      25.06      25.07      -0.02      -0.08 #####
btc     4029.62    4030.00    4023.57    4023.60       6.02      -6.43 *****
ltc       25.05      25.14      25.07      25.08      -0.03      -0.07 #####
btc     4029.62    4030.00    4023.63    4023.69       5.93      -6.37 *****
ltc       25.05      25.14      25.07      25.08      -0.03      -0.07 #####
btc     4029.62    4030.00    4023.29    4023.31       6.31      -6.71 *****
btc     4029.62    4030.00    4023.46    4023.50       6.12      -6.54 *****
ltc       25.06      25.13      25.07      25.08      -0.02      -0.06 #####
btc     4030.00    4030.91    4023.64    4023.65       6.35      -7.27 *****
btc     4030.00    4030.91    4023.75    4023.89       6.11      -7.16 *****
ltc       25.05      25.13      25.08      25.09      -0.04      -0.05 #####
ltc       25.06      25.14      25.08      25.09      -0.03      -0.06 #####
2016-08-02 17:15:04
btc     4030.00    4030.91    4023.92    4023.95       6.05      -6.99 *****
ltc       25.06      25.13      25.08      25.09      -0.03      -0.05 #####
btc     4030.00    4030.91    4023.80    4023.92       6.08      -7.11 *****
ltc       25.06      25.13      25.09      25.10      -0.04      -0.04 #####
btc     4030.00    4030.46    4024.91    4024.94       5.06      -5.55 *****
ltc       25.06      25.13      25.08      25.09      -0.03      -0.05 #####
btc     4030.00    4032.26    4025.20    4025.25       4.75      -7.06 *****
ltc       25.07      25.13      25.09      25.10      -0.03      -0.04 #####
btc     4031.16    4031.87    4026.41    4026.46       4.70      -5.46 *****
btc     4031.87    4033.78    4026.66    4026.71       5.16      -7.12 *****
ltc       25.07      25.12      25.08      25.09      -0.02      -0.04 #####
btc     4032.26    4033.26    4025.66    4025.83       6.43      -7.60 *****
ltc       25.06      25.12      25.08      25.09      -0.03      -0.04 #####
btc     4031.63    4033.26    4025.80    4025.88       5.75      -7.46 *****
ltc       25.06      25.12      25.09      25.10      -0.04      -0.03 #####
btc     4031.63    4032.84    4024.50    4024.78       6.85      -8.34 *****
ltc       25.07      25.13      25.08      25.09      -0.02      -0.05 #####
ltc       25.06      25.13      25.08      25.09      -0.03      -0.05 #####
btc     4030.66    4031.11    4023.97    4024.15       6.51      -7.14 *****
ltc       25.07      25.13      25.08      25.09      -0.02      -0.05 #####
ltc       25.06      25.14      25.08      25.09      -0.03      -0.06 #####
btc     4029.62    4030.29    4023.26    4023.38       6.24      -7.03 *****
btc     4032.37    4032.59    4023.86    4023.90       8.47      -8.73 *****
ltc       25.06      25.13      25.08      25.09      -0.03      -0.05 #####
ltc       25.06      25.14      25.08      25.09      -0.03      -0.06 #####
btc     4030.81    4031.30    4023.33    4023.52       7.29      -7.97 *****
ltc       25.07      25.12      25.09      25.10      -0.03      -0.03 #####
btc     4028.55    4030.59    4023.01    4023.02       5.53      -7.58 *****
ltc       25.07      25.12      25.09      25.10      -0.03      -0.03 #####
btc     4028.55    4030.43    4023.04    4023.17       5.38      -7.39 *****
btc     4028.64    4030.38    4022.92    4023.05       5.59      -7.46 *****
ltc       25.07      25.14      25.08      25.09      -0.02      -0.06 #####
ltc       25.08      25.14      25.08      25.09      -0.01      -0.06 #####
btc     4028.92    4030.38    4024.02    4024.14       4.78      -6.36 *****
ltc       25.08      25.13      25.07      25.09      -0.01      -0.06 #####
btc     4029.03    4029.83    4022.32    4022.38       6.65      -7.51 *****
ltc       25.07      25.13      25.08      25.09      -0.02      -0.05 #####
btc     4028.55    4030.36    4023.70    4023.86       4.69      -6.66 *****
ltc       25.08      25.13      25.08      25.09      -0.01      -0.05 #####
btc     4028.79    4030.38    4023.95    4024.02       4.77      -6.43 *****
btc     4030.56    4031.44    4025.63    4025.75       4.81      -5.81 *****
ltc       25.07      25.13      25.08      25.09      -0.02      -0.05 #####
btc     4031.44    4032.31    4026.24    4026.33       5.11      -6.07 *****
ltc       25.08      25.13      25.08      25.09      -0.01      -0.05 #####
btc     4031.72    4032.31    4026.72    4026.86       4.86      -5.59 *****
ltc       25.08      25.13      25.09      25.10      -0.02      -0.04 #####
ltc       25.08      25.14      25.09      25.10      -0.02      -0.05 #####
btc     4032.51    4032.86    4026.15    4026.16       6.35      -6.71 *****
ltc       25.08      25.13      25.08      25.09      -0.01      -0.05 #####
btc     4032.67    4033.78    4026.54    4026.74       5.93      -7.24 *****
btc     4032.51    4033.78    4027.06    4027.42       5.09      -6.72 *****
ltc       25.08      25.14      25.09      25.10      -0.02      -0.05 #####
btc     4032.51    4035.00    4027.59    4027.75       4.76      -7.41 *****
ltc       25.08      25.12      25.09      25.10      -0.02      -0.03 #####
btc     4033.78    4035.00    4027.53    4027.60       6.18      -7.47 *****
ltc       25.09      25.11      25.10      25.11      -0.02      -0.01 #####
ltc       25.08      25.14      25.09      25.10      -0.02      -0.05 #####
btc     4033.78    4035.00    4027.65    4027.86       5.92      -7.35 *****
ltc       25.08      25.13      25.09      25.10      -0.02      -0.04 #####
ltc       25.06      25.13      25.10      25.11      -0.05      -0.03 #####
btc     4033.78    4035.00    4028.86    4028.87       4.91      -6.14 *****
ltc       25.06      25.13      25.08      25.09      -0.03      -0.05 #####
ltc       25.06      25.13      25.09      25.10      -0.04      -0.04 #####
btc     4034.51    4035.00    4030.77    4030.94       3.57      -4.23 *****
ltc       25.07      25.13      25.10      25.11      -0.04      -0.03 #####
btc     4035.92    4037.18    4030.24    4030.57       5.35      -6.94 *****
ltc       25.06      25.13      25.09      25.10      -0.04      -0.04 #####
btc     4035.40    4037.18    4030.57    4030.78       4.62      -6.61 *****
ltc       25.07      25.13      25.09      25.10      -0.03      -0.04 #####
btc     4035.82    4037.18    4030.69    4030.79       5.03      -6.49 *****
ltc       25.06      25.13      25.09      25.10      -0.04      -0.04 #####
btc     4035.82    4038.43    4030.49    4030.50       5.32      -7.94 *****
ltc       25.06      25.12      25.10      25.11      -0.05      -0.02 #####

Coin Buy Price  Sell Price Buy Price  Sell Price Difference Difference
     (btctrade) (btctrade) (okcoin)   (okcoin)   (b-o)      (o-b)     
---- ---------- ---------- ---------- ---------- ---------- ----------
2016-08-02 17:19:28
ltc       25.07      25.14      25.10      25.11      -0.04      -0.04 #####
btc     4035.20    4037.20    4030.25    4030.57       4.63      -6.95 *$<**
ltc       25.06      25.14      25.10      25.11      -0.05      -0.04 #####
ltc       25.07      25.14      25.10      25.11      -0.04      -0.04 #####
btc     4036.21    4038.13    4030.71    4030.74       5.47      -7.42 *****
btc     4036.21    4038.10    4030.42    4030.49       5.72      -7.68 *****
ltc       25.06      25.14      25.09      25.10      -0.04      -0.05 #####
btc     4036.21    4038.47    4029.85    4029.96       6.25      -8.62 *****
btc     4036.21    4036.96    4029.47    4029.49       6.72      -7.49 *****
ltc       25.07      25.14      25.09      25.10      -0.03      -0.05 #####
btc     4036.21    4036.92    4029.30    4029.31       6.90      -7.62 *****
ltc       25.08      25.14      25.09      25.10      -0.02      -0.05 #####
btc     4036.25    4036.96    4030.18    4030.24       6.01      -6.78 *****
ltc       25.08      25.14      25.09      25.10      -0.02      -0.05 #####
btc     4036.25    4036.96    4030.17    4030.25       6.00      -6.79 *****
ltc       25.08      25.14      25.09      25.10      -0.02      -0.05 #####
ltc       25.08      25.14      25.09      25.10      -0.02      -0.05 #####
btc     4037.12    4037.41    4030.00    4030.56       6.56      -7.41 *****
ltc       25.08      25.14      25.09      25.10      -0.02      -0.05 #####
btc     4035.39    4037.00    4030.69    4030.78       4.61      -6.31 *****
btc     4035.39    4037.00    4029.72    4029.74       5.65      -7.28 *****
ltc       25.09      25.14      25.10      25.11      -0.02      -0.04 #####
btc     4035.39    4036.73    4029.33    4029.35       6.04      -7.40 *****
ltc       25.08      25.14      25.09      25.10      -0.02      -0.05 #####
btc     4035.20    4036.73    4029.22    4029.23       5.97      -7.51 *****
ltc       25.08      25.14      25.09      25.10      -0.02      -0.05 #####
btc     4035.20    4036.73    4029.40    4029.54       5.66      -7.33 *****
ltc       25.08      25.14      25.08      25.09      -0.01      -0.06 #####
btc     4035.41    4037.00    4030.09    4030.15       5.26      -6.91 *****
ltc       25.08      25.14      25.08      25.09      -0.01      -0.06 #####
btc     4035.41    4037.00    4030.81    4030.98       4.43      -6.19 *****
ltc       25.08      25.14      25.09      25.10      -0.02      -0.05 #####
btc     4036.00    4037.00    4030.61    4030.78       5.22      -6.39 *****
ltc       25.08      25.14      25.09      25.10      -0.02      -0.05 #####
ltc       25.08      25.13      25.09      25.10      -0.02      -0.04 #####
btc     4037.39    4038.36    4031.53    4031.65       5.74      -6.83 *****
btc     4037.20    4038.36    4031.29    4031.61       5.59      -7.07 *****
ltc       25.08      25.13      25.10      25.11      -0.03      -0.03 #####
btc     4035.88    4038.36    4031.25    4031.37       4.51      -7.11 *****
btc     4038.04    4038.36    4031.00    4031.11       6.93      -7.36 *****
ltc       25.08      25.13      25.09      25.10      -0.02      -0.04 #####
btc     4036.62    4037.35    4030.02    4030.06       6.56      -7.33 *****
btc     4035.60    4037.35    4030.01    4030.19       5.41      -7.34 *****
btc     4037.00    4037.35    4030.11    4030.19       6.81      -7.24 *****
ltc       25.08      25.12      25.10      25.11      -0.03      -0.02 #####
btc     4038.20    4038.40    4029.57    4029.66       8.54      -8.83 *****
ltc       25.08      25.12      25.09      25.10      -0.02      -0.03 #####
btc     4038.20    4038.40    4029.03    4029.05       9.15      -9.37 *****
ltc       25.08      25.12      25.09      25.10      -0.02      -0.03 #####
btc     4038.20    4038.40    4028.60    4028.63       9.57      -9.80 *****
ltc       25.08      25.12      25.08      25.09      -0.01      -0.04 #####
ltc       25.08      25.14      25.07      25.09      -0.01      -0.07 #####
btc     4037.00    4037.20    4029.67    4029.79       7.21      -7.53 *****
ltc       25.07      25.14      25.07      25.08      -0.01      -0.07 #####
btc     4036.23    4037.04    4029.87    4029.88       6.35      -7.17 *****
btc     4036.00    4037.20    4030.10    4030.23       5.77      -7.10 *****
ltc       25.07      25.13      25.07      25.08      -0.01      -0.06 #####
btc     4036.00    4037.20    4030.14    4030.30       5.70      -7.06 *****
ltc       25.08      25.15      25.07      25.08       0.00      -0.08 #####
btc     4036.00    4037.20    4029.72    4029.84       6.16      -7.48 *****
ltc       25.08      25.14      25.08      25.09      -0.01      -0.06 #####
btc     4036.00    4037.59    4030.15    4030.19       5.81      -7.44 *****
ltc       25.08      25.14      25.07      25.08       0.00      -0.07 #####
btc     4036.00    4038.48    4031.14    4031.18       4.82      -7.34 *****
ltc       25.08      25.14      25.08      25.09      -0.01      -0.06 #####
btc     4036.00    4037.69    4029.88    4029.96       6.04      -7.81 *****
ltc       25.08      25.14      25.08      25.09      -0.01      -0.06 #####
ltc       25.08      25.14      25.08      25.09      -0.01      -0.06 #####
btc     4036.00    4037.69    4030.08    4030.13       5.87      -7.61 *****
ltc       25.08      25.14      25.07      25.08       0.00      -0.07 #####
2016-08-02 17:23:39
btc     4036.00    4037.69    4030.12    4030.18       5.82      -7.57 *****
ltc       25.08      25.14      25.07      25.08       0.00      -0.07 #####
btc     4036.00    4037.68    4029.88    4029.93       6.07      -7.80 *****
ltc       25.08      25.14      25.07      25.08       0.00      -0.07 #####
btc     4037.21    4037.69    4030.48    4030.62       6.59      -7.21 *****
ltc       25.07      25.14      25.08      25.09      -0.02      -0.06 #####
btc     4036.00    4037.69    4029.87    4030.01       5.99      -7.82 *****
ltc       25.09      25.14      25.07      25.08       0.01      -0.07 #####
btc     4036.00    4037.69    4030.48    4030.78       5.22      -7.21 *****
ltc       25.07      25.14      25.07      25.08      -0.01      -0.07 #####
btc     4037.27    4038.42    4030.52    4030.53       6.74      -7.90 *****
ltc       25.07      25.14      25.07      25.08      -0.01      -0.07 #####
btc     4037.28    4038.39    4030.76    4031.00       6.28      -7.63 *****
ltc       25.07      25.14      25.07      25.08      -0.01      -0.07 #####
btc     4037.28    4038.82    4031.39    4031.40       5.88      -7.43 *****
btc     4036.35    4038.93    4031.85    4031.87       4.48      -7.08 *****
btc     4038.93    4039.95    4032.46    4032.58       6.35      -7.49 *****
ltc       25.08      25.14      25.08      25.09      -0.01      -0.06 #####
btc     4038.93    4039.95    4034.22    4034.48       4.45      -5.73 *****
btc     4040.44    4041.00    4034.66    4034.76       5.68      -6.34 *****
btc     4041.37    4044.00    4035.27    4035.71       5.66      -8.73 *****
ltc       25.08      25.13      25.11      25.12      -0.04      -0.02 #####
btc     4042.24    4043.21    4035.83    4035.94       6.30      -7.38 *****
btc     4040.68    4042.24    4035.46    4035.66       5.02      -6.78 *****
ltc       25.08      25.13      25.10      25.11      -0.03      -0.03 #####
btc     4040.55    4042.24    4034.90    4034.92       5.63      -7.34 *****
ltc       25.08      25.13      25.11      25.12      -0.04      -0.02 #####
ltc       25.08      25.13      25.09      25.10      -0.02      -0.04 #####
ltc       25.08      25.13      25.10      25.11      -0.03      -0.03 #####
ltc       25.09      25.13      25.10      25.11      -0.02      -0.03 #####
btc     4041.92    4043.84    4038.06    4038.41       3.51      -5.78 *****
ltc       25.08      25.13      25.11      25.12      -0.04      -0.02 #####
btc     4044.00    4044.66    4038.90    4039.02       4.98      -5.76 *****
ltc       25.09      25.13      25.11      25.12      -0.03      -0.02 #####
btc     4044.66    4045.00    4039.04    4039.19       5.47      -5.96 *****
ltc       25.10      25.13      25.11      25.12      -0.02      -0.02 #####
ltc       25.09      25.13      25.12      25.13      -0.04      -0.01 #####
btc     4042.90    4044.20    4037.20    4037.84       5.06      -7.00 *****
btc     4043.29    4044.20    4038.43    4038.57       4.72      -5.77 *****
ltc       25.10      25.13      25.13      25.14      -0.04       0.00 #####
btc     4044.50    4044.66    4038.79    4038.82       5.68      -5.87 *****
ltc       25.11      25.13      25.13      25.14      -0.03       0.00 #####
btc     4043.79    4044.66    4038.55    4038.59       5.20      -6.11 *****
btc     4042.95    4044.66    4038.18    4038.35       4.60      -6.48 *****
ltc       25.15      25.17      25.13      25.14       0.01      -0.04 #####
btc     4042.95    4044.66    4037.22    4037.44       5.51      -7.44 *****
ltc       25.15      25.17      25.13      25.14       0.01      -0.04 #####
btc     4042.90    4044.40    4037.05    4037.33       5.57      -7.35 *****
ltc       25.12      25.17      25.14      25.15      -0.03      -0.03 #####
btc     4042.90    4044.40    4036.71    4036.91       5.99      -7.69 *****
ltc       25.13      25.17      25.13      25.15      -0.02      -0.04 #####
btc     4041.00    4043.54    4036.41    4036.45       4.55      -7.13 *****
ltc       25.13      25.23      25.17      25.18      -0.05      -0.06 #####
btc     4041.00    4043.56    4035.61    4035.68       5.32      -7.95 *****
ltc       25.14      25.22      25.16      25.17      -0.03      -0.06 #####
btc     4041.07    4044.05    4035.85    4036.50       4.57      -8.20 *****
ltc       25.14      25.22      25.16      25.17      -0.03      -0.06 #####
btc     4041.11    4044.15    4036.93    4036.98       4.13      -7.22 *****
ltc       25.15      25.22      25.16      25.17      -0.02      -0.06 #####
btc     4042.35    4043.00    4037.04    4037.09       5.26      -5.96 *****
ltc       25.15      25.22      25.16      25.17      -0.02      -0.06 #####
btc     4042.50    4043.00    4038.31    4038.45       4.05      -4.69 *****
ltc       25.15      25.22      25.16      25.17      -0.02      -0.06 #####
btc     4043.71    4044.38    4038.00    4038.09       5.62      -6.38 *****
btc     4044.68    4045.00    4039.21    4039.33       5.35      -5.79 *****
ltc       25.15      25.22      25.15      25.17      -0.02      -0.07 #####
btc     4044.68    4045.00    4039.30    4039.65       5.03      -5.70 *****
ltc       25.15      25.22      25.17      25.18      -0.03      -0.05 #####
btc     4044.68    4045.00    4039.03    4039.10       5.58      -5.97 *****
ltc       25.14      25.22      25.16      25.17      -0.03      -0.06 #####
btc     4044.68    4045.00    4038.43    4038.44       6.24      -6.57 *****
ltc       25.14      25.22      25.16      25.17      -0.03      -0.06 #####
btc     4044.68    4045.00    4038.90    4038.92       5.76      -6.10 *****
btc     4045.30    4047.20    4039.74    4039.85       5.45      -7.46 *****
ltc       25.15      25.22      25.16      25.17      -0.02      -0.06 #####
ltc       25.14      25.22      25.15      25.16      -0.02      -0.07 #####
btc     4044.20    4045.87    4038.60    4038.66       5.54      -7.27 *****
ltc       25.14      25.22      25.15      25.16      -0.02      -0.07 #####
2016-08-02 17:27:47
ltc       25.14      25.22      25.15      25.16      -0.02      -0.07 #####
ltc       25.14      25.22      25.15      25.16      -0.02      -0.07 #####
ltc       25.14      25.22      25.14      25.15      -0.01      -0.08 #####
btc     4043.20    4044.08    4037.35    4037.43       5.77      -6.73 *****
btc     4043.20    4044.76    4036.81    4036.86       6.34      -7.95 *****
ltc       25.11      25.20      25.13      25.14      -0.03      -0.07 #####
btc     4043.20    4044.76    4036.90    4036.98       6.22      -7.86 *****
ltc       25.11      25.20      25.13      25.14      -0.03      -0.07 #####
btc     4043.20    4045.26    4037.91    4038.00       5.20      -7.35 *****
ltc       25.11      25.20      25.13      25.14      -0.03      -0.07 #####
btc     4043.20    4044.74    4036.75    4036.88       6.32      -7.99 *****
ltc       25.11      25.20      25.12      25.13      -0.02      -0.08 #####
btc     4043.20    4044.30    4036.67    4036.75       6.45      -7.63 *****
ltc       25.11      25.20      25.12      25.13      -0.02      -0.08 #####
btc     4043.20    4043.85    4036.99    4037.00       6.20      -6.86 *****
ltc       25.11      25.20      25.12      25.13      -0.02      -0.08 #####
btc     4043.20    4043.85    4037.00    4037.14       6.06      -6.85 *****
ltc       25.11      25.20      25.12      25.13      -0.02      -0.08 #####
btc     4043.20    4044.51    4037.12    4037.25       5.95      -7.39 *****
ltc       25.11      25.20      25.12      25.13      -0.02      -0.08 #####
btc     4042.48    4044.22    4036.42    4036.45       6.03      -7.80 *****
ltc       25.11      25.20      25.12      25.13      -0.02      -0.08 #####
btc     4042.48    4043.98    4036.24    4036.25       6.23      -7.74 *****
ltc       25.11      25.19      25.10      25.12      -0.01      -0.09 #####
btc     4042.48    4043.98    4036.16    4036.27       6.21      -7.82 *****
ltc       25.09      25.17      25.09      25.11      -0.02      -0.08 #####
btc     4042.38    4043.98    4035.80    4035.85       6.53      -8.18 *****
ltc       25.10      25.16      25.11      25.12      -0.02      -0.05 #####
btc     4041.25    4043.01    4037.59    4037.65       3.60      -5.42 *****
ltc       25.10      25.16      25.09      25.10       0.00      -0.07 #####
btc     4043.43    4043.51    4037.93    4038.01       5.42      -5.58 *****
ltc       25.09      25.16      25.08      25.09       0.00      -0.08 #####
btc     4043.91    4044.26    4037.59    4037.64       6.27      -6.67 *****
ltc       25.09      25.16      25.10      25.11      -0.02      -0.06 #####
btc     4043.41    4045.44    4036.57    4036.60       6.81      -8.87 *****
ltc       25.09      25.16      25.08      25.09       0.00      -0.08 #####
btc     4043.64    4043.91    4038.24    4038.31       5.33      -5.67 *****
ltc       25.09      25.16      25.09      25.11      -0.02      -0.07 #####
btc     4043.64    4043.91    4037.39    4037.42       6.22      -6.52 *****
ltc       25.10      25.16      25.10      25.11      -0.01      -0.06 #####
btc     4043.32    4043.91    4037.01    4037.08       6.24      -6.90 *****
ltc       25.09      25.16      25.10      25.11      -0.02      -0.06 #####
btc     4043.32    4044.97    4037.63    4037.72       5.60      -7.34 *****
ltc       25.09      25.16      25.09      25.10      -0.01      -0.07 #####
btc     4043.32    4045.19    4037.86    4038.23       5.09      -7.33 *****
ltc       25.09      25.16      25.09      25.10      -0.01      -0.07 #####
btc     4042.85    4045.19    4038.34    4038.44       4.41      -6.85 *****
ltc       25.10      25.16      25.12      25.13      -0.03      -0.04 #####
btc     4044.28    4045.90    4037.64    4037.76       6.52      -8.26 *****
ltc       25.10      25.16      25.12      25.13      -0.03      -0.04 #####
btc     4042.48    4043.46    4037.70    4038.06       4.42      -5.76 *****
ltc       25.10      25.16      25.12      25.13      -0.03      -0.04 #####
btc     4042.96    4043.46    4039.25    4039.28       3.68      -4.21 *****
ltc       25.10      25.16      25.13      25.14      -0.04      -0.03 #####
btc     4045.09    4045.90    4040.60    4040.62       4.47      -5.30 *****
ltc       25.11      25.16      25.12      25.13      -0.02      -0.04 #####
btc     4045.90    4046.08    4041.88    4041.98       3.92      -4.20 *****
ltc       25.10      25.16      25.12      25.13      -0.03      -0.04 #####
btc     4047.18    4047.35    4042.56    4042.75       4.43      -4.79 *****
ltc       25.11      25.16      25.12      25.13      -0.02      -0.04 #####
btc     4047.85    4049.01    4043.98    4044.00       3.85      -5.03 *****
ltc       25.11      25.16      25.12      25.13      -0.02      -0.04 #####
btc     4049.75    4049.82    4044.00    4044.06       5.69      -5.82 *****
ltc       25.10      25.16      25.13      25.14      -0.04      -0.03 #####
btc     4049.75    4049.98    4044.50    4044.90       4.85      -5.48 *****
ltc       25.11      25.16      25.13      25.14      -0.03      -0.03 #####
btc     4049.14    4049.98    4043.02    4043.21       5.93      -6.96 *****
ltc       25.10      25.16      25.13      25.14      -0.04      -0.03 #####
btc     4049.07    4049.75    4042.42    4042.48       6.59      -7.33 *****
ltc       25.10      25.16      25.13      25.14      -0.04      -0.03 #####
btc     4048.63    4049.00    4041.54    4041.59       7.04      -7.46 *****
ltc       25.11      25.16      25.13      25.14      -0.03      -0.03 #####
btc     4047.63    4048.23    4041.36    4041.40       6.23      -6.87 *****
ltc       25.11      25.16      25.12      25.13      -0.02      -0.04 #####
btc     4047.59    4048.23    4040.89    4041.00       6.59      -7.34 *****
ltc       25.10      25.16      25.12      25.13      -0.03      -0.04 #####
btc     4047.59    4049.07    4041.35    4041.47       6.12      -7.72 *****
ltc       25.11      25.16      25.12      25.13      -0.02      -0.04 #####
btc     4046.67    4047.87    4040.72    4040.77       5.90      -7.15 *****
ltc       25.11      25.16      25.12      25.13      -0.02      -0.04 #####
btc     4046.96    4048.11    4041.21    4041.40       5.56      -6.90 *****
ltc       25.10      25.16      25.12      25.13      -0.03      -0.04 #####
btc     4046.96    4047.56    4040.71    4040.73       6.23      -6.85 *****
ltc       25.11      25.16      25.13      25.14      -0.03      -0.03 #####
btc     4046.22    4047.47    4042.08    4042.57       3.65      -5.39 *****
2016-08-02 17:31:37
btc     4047.97    4048.52    4041.87    4042.00       5.97      -6.65 *****
ltc       25.10      25.16      25.13      25.14      -0.04      -0.03 #####
btc     4048.52    4049.37    4042.85    4042.98       5.54      -6.52 *****
ltc       25.11      25.16      25.13      25.14      -0.03      -0.03 #####
btc     4049.05    4049.75    4043.70    4043.74       5.31      -6.05 *****
btc     4049.63    4049.75    4043.52    4043.81       5.82      -6.23 *****
ltc       25.11      25.16      25.13      25.14      -0.03      -0.03 #####
btc     4049.63    4049.75    4043.80    4043.88       5.75      -5.95 *****
ltc       25.10      25.16      25.13      25.14      -0.04      -0.03 #####
btc     4049.09    4049.75    4042.85    4042.90       6.19      -6.90 *****
ltc       25.11      25.16      25.14      25.15      -0.04      -0.02 #####
btc     4048.47    4049.75    4043.80    4043.98       4.49      -5.95 *****
ltc       25.11      25.16      25.14      25.15      -0.04      -0.02 #####
btc     4048.93    4049.75    4044.09    4044.20       4.73      -5.66 *****
ltc       25.10      25.16      25.14      25.15      -0.05      -0.02 #####
btc     4049.26    4049.75    4044.43    4044.51       4.75      -5.32 *****
ltc       25.11      25.16      25.15      25.16      -0.05      -0.01 #####
btc     4049.75    4049.98    4044.21    4044.27       5.48      -5.77 *****
ltc       25.10      25.16      25.15      25.16      -0.06      -0.01 #####
btc     4049.41    4049.98    4043.58    4043.64       5.77      -6.40 *****
ltc       25.10      25.16      25.15      25.16      -0.06      -0.01 #####
btc     4048.69    4049.98    4043.43    4043.51       5.18      -6.55 *****
ltc       25.11      25.16      25.15      25.16      -0.05      -0.01 #####
btc     4049.41    4049.98    4043.73    4043.86       5.55      -6.25 *****
ltc       25.12      25.20      25.14      25.15      -0.03      -0.06 #####
ltc       25.13      25.20      25.14      25.15      -0.02      -0.06 #####
ltc       25.13      25.20      25.14      25.15      -0.02      -0.06 #####
btc     4048.89    4049.98    4043.12    4043.13       5.76      -6.86 *****
ltc       25.12      25.20      25.14      25.15      -0.03      -0.06 #####
btc     4048.89    4048.99    4043.00    4043.01       5.88      -5.99 *****
ltc       25.13      25.19      25.14      25.15      -0.02      -0.05 #####
btc     4048.89    4048.99    4043.29    4043.52       5.37      -5.70 *****
ltc       25.13      25.19      25.14      25.15      -0.02      -0.05 #####
btc     4048.89    4049.79    4044.02    4044.15       4.74      -5.77 *****
ltc       25.13      25.19      25.14      25.15      -0.02      -0.05 #####
btc     4048.89    4049.98    4044.00    4044.02       4.87      -5.98 *****
ltc       25.12      25.19      25.14      25.15      -0.03      -0.05 #####
btc     4048.62    4049.98    4044.02    4044.03       4.59      -5.96 *****
ltc       25.13      25.19      25.14      25.15      -0.02      -0.05 #####
btc     4048.52    4049.98    4043.00    4043.02       5.50      -6.98 *****
ltc       25.13      25.19      25.14      25.15      -0.02      -0.05 #####
btc     4048.11    4049.98    4042.01    4042.02       6.09      -7.97 *****
ltc       25.12      25.19      25.14      25.15      -0.03      -0.05 #####
btc     4047.34    4047.71    4041.13    4041.47       5.87      -6.58 *****
ltc       25.12      25.19      25.13      25.14      -0.02      -0.06 #####
btc     4046.30    4047.77    4041.24    4041.27       5.03      -6.53 *****
btc     4047.05    4048.28    4042.98    4043.08       3.97      -5.30 *****
ltc       25.10      25.19      25.12      25.13      -0.03      -0.07 #####
btc     4048.17    4049.02    4042.23    4042.24       5.93      -6.79 *****
ltc       25.10      25.19      25.12      25.13      -0.03      -0.07 #####
btc     4047.05    4048.17    4041.88    4041.91       5.14      -6.29 *****
ltc       25.10      25.19      25.12      25.13      -0.03      -0.07 #####
btc     4047.05    4048.05    4041.13    4041.14       5.91      -6.92 *****
ltc       25.11      25.19      25.12      25.13      -0.02      -0.07 #####
btc     4047.05    4047.30    4041.11    4041.18       5.87      -6.19 *****
ltc       25.10      25.19      25.11      25.13      -0.03      -0.08 #####
btc     4046.43    4047.59    4041.55    4041.72       4.71      -6.04 *****
ltc       25.11      25.19      25.11      25.13      -0.02      -0.08 #####
btc     4046.43    4048.05    4042.07    4042.18       4.25      -5.98 *****
ltc       25.11      25.19      25.11      25.12      -0.01      -0.08 #####
btc     4046.43    4048.10    4042.07    4042.16       4.27      -6.03 *****
ltc       25.11      25.19      25.11      25.12      -0.01      -0.08 #####
btc     4046.43    4048.10    4041.62    4041.75       4.68      -6.48 *****
ltc       25.10      25.19      25.11      25.12      -0.02      -0.08 #####
btc     4046.43    4048.09    4041.46    4041.60       4.83      -6.63 *****
ltc       25.12      25.19      25.11      25.12       0.00      -0.08 #####
btc     4046.43    4048.09    4041.64    4041.83       4.60      -6.45 *****
ltc       25.12      25.19      25.11      25.12       0.00      -0.08 #####
btc     4046.43    4048.06    4041.71    4041.81       4.62      -6.35 *****
ltc       25.12      25.19      25.11      25.12       0.00      -0.08 #####
btc     4046.43    4048.06    4041.68    4041.70       4.73      -6.38 *****
ltc       25.10      25.19      25.10      25.11      -0.01      -0.09 #####
btc     4046.73    4048.47    4042.41    4042.44       4.29      -6.06 *****
ltc       25.11      25.18      25.11      25.12      -0.01      -0.07 #####
btc     4046.85    4048.62    4042.39    4042.44       4.41      -6.23 *****
ltc       25.11      25.18      25.12      25.13      -0.02      -0.06 #####
btc     4047.52    4049.07    4042.11    4042.13       5.39      -6.96 *****
btc     4047.44    4048.61    4043.11    4043.32       4.12      -5.50 *****
ltc       25.16      25.17      25.12      25.13       0.03      -0.05 #$<##
btc     4047.70    4048.61    4043.63    4043.70       4.00      -4.98 *****
ltc       25.16      25.17      25.12      25.13       0.03      -0.05 #####
btc     4048.32    4049.58    4043.51    4043.61       4.71      -6.07 *****
ltc       25.16      25.17      25.12      25.13       0.03      -0.05 #####
btc     4049.57    4049.62    4043.28    4043.49       6.08      -6.34 *****
ltc       25.16      25.17      25.12      25.13       0.03      -0.05 #####
btc     4048.81    4049.98    4042.44    4042.55       6.26      -7.54 *****
ltc       25.16      25.17      25.12      25.14       0.02      -0.05 #####
btc     4048.32    4048.37    4041.01    4041.12       7.20      -7.36 *****
ltc       25.16      25.17      25.12      25.13       0.03      -0.05 #####
btc     4047.44    4047.50    4040.60    4040.62       6.82      -6.90 *****
ltc       25.16      25.17      25.13      25.14       0.02      -0.04 #####
btc     4046.05    4047.25    4041.47    4041.53       4.52      -5.78 *****
ltc       25.16      25.17      25.13      25.14       0.02      -0.04 #####
2016-08-02 17:34:46
btc     4046.44    4048.05    4041.00    4041.09       5.35      -7.05 *****
btc     4046.32    4047.56    4041.22    4041.26       5.06      -6.34 *****
ltc       25.16      25.17      25.12      25.13       0.03      -0.05 #####
btc     4046.32    4047.56    4041.15    4041.26       5.06      -6.41 *****
ltc       25.16      25.17      25.12      25.13       0.03      -0.05 #####
btc     4046.32    4047.44    4041.00    4041.11       5.21      -6.44 *****
btc     4046.32    4047.44    4041.46    4041.54       4.78      -5.98 *****
ltc       25.16      25.17      25.12      25.13       0.03      -0.05 #####
btc     4046.40    4048.29    4042.27    4042.34       4.06      -6.02 *****
ltc       25.16      25.17      25.12      25.14       0.02      -0.05 #####
btc     4047.51    4048.32    4042.77    4042.78       4.73      -5.55 *****
ltc       25.16      25.17      25.12      25.13       0.03      -0.05 #####
btc     4047.81    4048.32    4042.57    4042.77       5.04      -5.75 *****
btc     4047.81    4048.88    4041.60    4041.63       6.18      -7.28 *****
ltc       25.16      25.17      25.12      25.13       0.03      -0.05 #####
btc     4047.51    4047.61    4041.03    4041.06       6.45      -6.58 *****
ltc       25.16      25.17      25.13      25.14       0.02      -0.04 #####
btc     4047.52    4047.61    4041.15    4041.34       6.18      -6.46 *****
ltc       25.16      25.17      25.13      25.14       0.02      -0.04 #####
btc     4046.51    4047.61    4041.48    4041.49       5.02      -6.13 *****
ltc       25.16      25.17      25.12      25.13       0.03      -0.05 #####
btc     4046.51    4047.61    4041.52    4041.54       4.97      -6.09 *****
ltc       25.16      25.17      25.12      25.13       0.03      -0.05 #####
btc     4046.51    4048.48    4041.77    4041.87       4.64      -6.71 *****
ltc       25.16      25.17      25.13      25.14       0.02      -0.04 #####
btc     4046.51    4047.88    4041.83    4041.87       4.64      -6.05 *****
ltc       25.16      25.17      25.12      25.13       0.03      -0.05 #####
ltc       25.16      25.17      25.12      25.13       0.03      -0.05 #####
btc     4046.23    4047.99    4042.86    4042.94       3.29      -5.13 *****
ltc       25.16      25.17      25.11      25.12       0.04      -0.06 #####
btc     4048.03    4048.95    4042.68    4042.87       5.16      -6.27 *****
ltc       25.17      25.19      25.12      25.13       0.04      -0.07 #####
btc     4048.41    4048.74    4042.54    4042.55       5.86      -6.20 *****
btc     4048.03    4048.74    4043.19    4043.24       4.79      -5.55 *****
ltc       25.17      25.18      25.12      25.13       0.04      -0.06 #####
btc     4048.03    4048.74    4043.29    4043.54       4.49      -5.45 *****
ltc       25.17      25.18      25.12      25.13       0.04      -0.06 #####
btc     4048.21    4049.60    4043.24    4043.30       4.91      -6.36 *****
ltc       25.17      25.18      25.12      25.13       0.04      -0.06 #####
btc     4048.03    4049.60    4042.21    4042.24       5.79      -7.39 *****
ltc       25.17      25.18      25.12      25.13       0.04      -0.06 #####
btc     4046.39    4047.55    4040.41    4040.70       5.69      -7.14 *****
ltc       25.17      25.18      25.12      25.13       0.04      -0.06 #####
btc     4046.29    4046.39    4040.17    4040.31       5.98      -6.22 *****
ltc       25.17      25.18      25.13      25.14       0.03      -0.05 #####
btc     4046.13    4046.39    4040.32    4040.36       5.77      -6.07 *****
ltc       25.17      25.18      25.12      25.13       0.04      -0.06 #####
ltc       25.17      25.18      25.11      25.12       0.05      -0.07 #####
btc     4046.14    4046.39    4039.75    4039.88       6.26      -6.64 *****
ltc       25.16      25.18      25.11      25.12       0.04      -0.07 #####
btc     4045.30    4045.89    4040.60    4040.95       4.35      -5.29 *****
ltc       25.16      25.18      25.10      25.11       0.05      -0.08 #####
ltc       25.16      25.18      25.11      25.12       0.04      -0.07 #####
btc     4046.34    4047.14    4039.81    4039.93       6.41      -7.33 *****
btc     4045.00    4045.17    4039.60    4039.83       5.17      -5.57 *****
ltc       25.16      25.18      25.10      25.11       0.05      -0.08 #####
btc     4045.00    4045.17    4040.88    4040.89       4.11      -4.29 *****
ltc       25.16      25.18      25.10      25.11       0.05      -0.08 #####
btc     4045.92    4047.27    4040.82    4040.83       5.09      -6.45 *****
ltc       25.16      25.18      25.10      25.11       0.05      -0.08 #####
btc     4046.25    4047.44    4040.29    4040.35       5.90      -7.15 *****
btc     4045.54    4045.94    4039.12    4039.26       6.28      -6.82 *****
ltc       25.16      25.18      25.10      25.11       0.05      -0.08 #####
btc     4045.32    4045.54    4039.70    4039.71       5.61      -5.84 *****
ltc       25.16      25.17      25.09      25.10       0.06      -0.08 #####
btc     4045.00    4045.94    4039.85    4039.97       5.03      -6.09 *****
ltc       25.16      25.17      25.09      25.10       0.06      -0.08 #####
btc     4045.00    4046.25    4039.76    4039.82       5.18      -6.49 *****
ltc       25.16      25.17      25.10      25.11       0.05      -0.07 #####
btc     4045.00    4046.57    4039.00    4039.08       5.92      -7.57 *****
ltc       25.16      25.17      25.09      25.10       0.06      -0.08 #####
btc     4044.44    4045.53    4038.70    4038.72       5.72      -6.83 *****
ltc       25.16      25.17      25.09      25.10       0.06      -0.08 #####
btc     4044.44    4045.00    4038.84    4039.21       5.23      -6.16 *****
ltc       25.16      25.17      25.09      25.10       0.06      -0.08 #####
btc     4044.44    4045.00    4038.31    4039.16       5.28      -6.69 *****
ltc       25.16      25.17      25.09      25.10       0.06      -0.08 #####
btc     4044.32    4045.07    4039.39    4039.50       4.82      -5.68 *****
ltc       25.16      25.17      25.09      25.10       0.06      -0.08 #####
btc     4044.32    4045.07    4039.19    4039.45       4.87      -5.88 *****
ltc       25.16      25.17      25.09      25.10       0.06      -0.08 #####
btc     4045.16    4046.14    4039.99    4040.00       5.16      -6.15 *****
ltc       25.16      25.17      25.09      25.10       0.06      -0.08 #####
ltc       25.16      25.17      25.10      25.11       0.05      -0.07 #####
btc     4045.61    4046.86    4040.67    4040.68       4.93      -6.19 *****
ltc       25.16      25.18      25.10      25.11       0.05      -0.08 #####
btc     4045.73    4046.94    4039.63    4039.71       6.02      -7.31 *****
ltc       25.16      25.19      25.11      25.12       0.04      -0.08 #####
2016-08-02 17:38:14
ltc       25.16      25.19      25.10      25.11       0.05      -0.09 #####
btc     4044.25    4045.73    4038.95    4038.96       5.29      -6.78 *****
ltc       25.16      25.18      25.10      25.11       0.05      -0.08 #####
btc     4044.43    4045.57    4040.60    4040.73       3.70      -4.97 *****
ltc       25.16      25.18      25.10      25.11       0.05      -0.08 #####
btc     4045.87    4046.94    4040.19    4040.23       5.64      -6.75 *****
ltc       25.16      25.18      25.10      25.11       0.05      -0.08 #####
btc     4045.87    4046.88    4039.95    4040.01       5.86      -6.93 *****
ltc       25.16      25.18      25.09      25.10       0.06      -0.09 #####
btc     4045.31    4046.07    4039.62    4039.64       5.67      -6.45 *****
ltc       25.16      25.18      25.09      25.10       0.06      -0.09 #####
btc     4045.60    4046.07    4040.68    4040.69       4.91      -5.39 *****
btc     4044.83    4046.07    4039.97    4040.18       4.65      -6.10 *****
ltc       25.16      25.18      25.11      25.12       0.04      -0.07 #####
btc     4044.83    4046.07    4040.77    4040.86       3.97      -5.30 *****
ltc       25.16      25.18      25.10      25.11       0.05      -0.08 #####
btc     4045.23    4046.07    4040.35    4040.43       4.80      -5.72 *****
btc     4044.83    4046.07    4040.56    4040.57       4.26      -5.51 *****
btc     4045.17    4046.07    4040.72    4040.81       4.36      -5.35 *****
ltc       25.16      25.19      25.11      25.12       0.04      -0.08 #####
btc     4045.87    4046.07    4040.43    4040.50       5.37      -5.64 *****
ltc       25.16      25.19      25.11      25.12       0.04      -0.08 #####
btc     4045.87    4046.07    4040.72    4040.77       5.10      -5.35 *****
ltc       25.16      25.19      25.11      25.12       0.04      -0.08 #####
btc     4045.87    4046.07    4041.29    4041.47       4.40      -4.78 *****
ltc       25.16      25.19      25.11      25.12       0.04      -0.08 #####
btc     4046.37    4046.76    4041.34    4041.58       4.79      -5.42 *****
ltc       25.16      25.19      25.11      25.12       0.04      -0.08 #####
btc     4047.16    4047.44    4041.12    4041.14       6.02      -6.32 *****
ltc       25.16      25.19      25.12      25.13       0.03      -0.07 #####
btc     4046.03    4047.16    4040.82    4040.84       5.19      -6.34 *****
ltc       25.16      25.20      25.11      25.12       0.04      -0.09 #####
btc     4046.22    4047.44    4041.56    4041.64       4.58      -5.88 *****
ltc       25.16      25.19      25.11      25.12       0.04      -0.08 #####
btc     4045.98    4046.03    4041.99    4042.00       3.98      -4.04 *****
btc     4046.53    4047.44    4041.25    4041.27       5.26      -6.19 *****
ltc       25.16      25.19      25.11      25.12       0.04      -0.08 #####
btc     4046.53    4047.44    4042.60    4042.63       3.90      -4.84 *****
ltc       25.16      25.19      25.12      25.13       0.03      -0.07 #####
btc     4047.74    4048.10    4042.81    4042.93       4.81      -5.29 *****
ltc       25.16      25.20      25.12      25.13       0.03      -0.08 #####
btc     4048.35    4049.00    4043.51    4043.58       4.77      -5.49 *****
ltc       25.16      25.20      25.12      25.13       0.03      -0.08 #####
btc     4048.35    4049.00    4043.26    4043.30       5.05      -5.74 *****
ltc       25.16      25.20      25.11      25.12       0.04      -0.09 #####
ltc       25.16      25.19      25.12      25.13       0.03      -0.07 #####
ltc       25.16      25.20      25.12      25.13       0.03      -0.08 #####
btc     4048.10    4049.00    4043.05    4043.23       4.87      -5.95 *****
ltc       25.16      25.20      25.12      25.13       0.03      -0.08 #####
btc     4047.79    4048.03    4041.97    4041.98       5.81      -6.06 *****
ltc       25.16      25.20      25.12      25.13       0.03      -0.08 #####
btc     4046.92    4047.49    4041.74    4041.88       5.04      -5.75 *****
ltc       25.16      25.20      25.12      25.13       0.03      -0.08 #####
btc     4046.96    4047.49    4041.93    4041.96       5.00      -5.56 *****
ltc       25.16      25.20      25.13      25.14       0.02      -0.07 #####
btc     4046.96    4048.81    4041.80    4041.82       5.14      -7.01 *****
btc     4047.46    4048.81    4042.11    4042.12       5.34      -6.70 *****
ltc       25.16      25.20      25.12      25.13       0.03      -0.08 #####
btc     4046.92    4048.09    4041.30    4041.40       5.52      -6.79 *****
btc     4046.92    4047.48    4041.34    4041.49       5.43      -6.14 *****
ltc       25.16      25.20      25.12      25.13       0.03      -0.08 #####
btc     4046.92    4047.45    4041.31    4041.40       5.52      -6.14 *****
ltc       25.16      25.20      25.12      25.13       0.03      -0.08 #####
btc     4046.92    4047.73    4041.50    4041.54       5.38      -6.23 *****
ltc       25.16      25.20      25.12      25.13       0.03      -0.08 #####
btc     4046.92    4047.62    4041.59    4041.63       5.29      -6.03 *****
ltc       25.16      25.20      25.12      25.13       0.03      -0.08 #####
btc     4046.92    4047.73    4042.11    4042.12       4.80      -5.62 *****
ltc       25.16      25.20      25.13      25.14       0.02      -0.07 #####
btc     4047.73    4048.09    4041.23    4041.35       6.38      -6.86 *****
ltc       25.16      25.20      25.13      25.14       0.02      -0.07 #####
btc     4046.92    4047.36    4041.37    4041.65       5.27      -5.99 *****
ltc       25.16      25.20      25.13      25.14       0.02      -0.07 #####
btc     4046.92    4047.38    4041.31    4041.34       5.58      -6.07 *****
ltc       25.16      25.20      25.13      25.14       0.02      -0.07 #####
btc     4046.27    4047.46    4040.78    4040.95       5.32      -6.68 *****
ltc       25.16      25.20      25.13      25.14       0.02      -0.07 #####
btc     4045.70    4046.12    4040.67    4040.77       4.93      -5.45 *****
ltc       25.16      25.20      25.13      25.14       0.02      -0.07 #####
btc     4045.84    4046.82    4041.68    4041.69       4.15      -5.14 *****
ltc       25.16      25.20      25.13      25.14       0.02      -0.07 #####
btc     4046.47    4047.70    4041.60    4041.70       4.77      -6.10 *****
ltc       25.16      25.20      25.13      25.14       0.02      -0.07 #####
btc     4046.05    4047.67    4041.26    4041.31       4.74      -6.41 *****
ltc       25.16      25.20      25.13      25.14       0.02      -0.07 #####
btc     4046.01    4047.67    4041.10    4041.11       4.90      -6.57 *****
ltc       25.16      25.20      25.13      25.14       0.02      -0.07 #####
btc     4046.05    4047.67    4041.13    4041.50       4.55      -6.54 *****
ltc       25.16      25.20      25.13      25.14       0.02      -0.07 #####
2016-08-02 17:41:39
btc     4046.05    4047.67    4041.53    4041.66       4.39      -6.14 *****
ltc       25.16      25.20      25.13      25.14       0.02      -0.07 #####
btc     4046.05    4047.67    4041.10    4041.13       4.92      -6.57 *****
ltc       25.16      25.20      25.12      25.13       0.03      -0.08 #####
btc     4046.05    4047.67    4041.40    4041.45       4.60      -6.27 *****
ltc       25.16      25.20      25.12      25.13       0.03      -0.08 #####
btc     4046.05    4047.67    4041.46    4041.56       4.49      -6.21 *****
ltc       25.16      25.20      25.12      25.13       0.03      -0.08 #####
btc     4046.12    4047.67    4041.90    4041.91       4.21      -5.77 *****
ltc       25.16      25.20      25.12      25.13       0.03      -0.08 #####
ltc       25.16      25.20      25.12      25.13       0.03      -0.08 #####
btc     4046.05    4047.27    4040.27    4040.34       5.71      -7.00 *****
ltc       25.16      25.20      25.12      25.13       0.03      -0.08 #####
btc     4044.42    4045.84    4040.18    4040.20       4.22      -5.66 *****
ltc       25.16      25.20      25.13      25.14       0.02      -0.07 #####
btc     4044.67    4045.84    4040.39    4040.44       4.23      -5.45 *****
ltc       25.16      25.20      25.13      25.14       0.02      -0.07 #####
btc     4044.67    4046.14    4039.87    4039.94       4.73      -6.27 *****
ltc       25.16      25.20      25.13      25.14       0.02      -0.07 #####
btc     4043.69    4045.88    4038.89    4038.90       4.79      -6.99 *****
ltc       25.16      25.20      25.13      25.14       0.02      -0.07 #####
btc     4043.69    4044.97    4038.74    4038.76       4.93      -6.23 *****
ltc       25.16      25.20      25.12      25.13       0.03      -0.08 #####
btc     4043.19    4044.72    4037.54    4037.71       5.48      -7.18 *****
ltc       25.16      25.20      25.12      25.13       0.03      -0.08 #####
btc     4042.48    4043.54    4037.85    4037.90       4.58      -5.69 *****
ltc       25.16      25.20      25.11      25.12       0.04      -0.09 #####
btc     4042.48    4043.47    4037.46    4037.73       4.75      -6.01 *****
ltc       25.16      25.20      25.12      25.13       0.03      -0.08 #####
btc     4042.48    4043.71    4037.88    4037.89       4.59      -5.83 *****
ltc       25.16      25.20      25.12      25.13       0.03      -0.08 #####
btc     4042.73    4043.52    4037.92    4038.00       4.73      -5.60 *****
ltc       25.16      25.17      25.09      25.10       0.06      -0.08 #####
btc     4042.73    4043.63    4037.68    4037.70       5.03      -5.95 *****
ltc       25.16      25.17      25.09      25.10       0.06      -0.08 #####
btc     4042.48    4043.63    4037.41    4037.45       5.03      -6.22 *****
ltc       25.09      25.17      25.09      25.10      -0.01      -0.08 #####
btc     4042.48    4043.63    4037.10    4037.11       5.37      -6.53 *****
ltc       25.09      25.17      25.09      25.10      -0.01      -0.08 #####
btc     4042.48    4043.41    4037.00    4037.02       5.46      -6.41 *****
ltc       25.09      25.17      25.09      25.10      -0.01      -0.08 #####
btc     4041.72    4043.63    4037.22    4037.25       4.47      -6.41 *****
ltc       25.09      25.17      25.08      25.10      -0.01      -0.09 #####
btc     4042.12    4043.45    4037.43    4037.47       4.65      -6.02 *****
ltc       25.09      25.17      25.09      25.10      -0.01      -0.08 #####
btc     4041.74    4043.45    4037.28    4037.39       4.35      -6.17 *****
ltc       25.09      25.17      25.09      25.10      -0.01      -0.08 #####
btc     4043.45    4043.63    4037.19    4037.26       6.19      -6.44 *****
ltc       25.09      25.17      25.08      25.10      -0.01      -0.09 #####
btc     4042.11    4043.14    4037.41    4037.53       4.58      -5.73 *****
ltc       25.09      25.16      25.08      25.09       0.00      -0.08 #####
btc     4042.29    4043.14    4037.63    4037.70       4.59      -5.51 *****
ltc       25.09      25.16      25.08      25.09       0.00      -0.08 #####
btc     4042.29    4043.14    4037.66    4037.81       4.48      -5.48 *****
ltc       25.09      25.16      25.08      25.09       0.00      -0.08 #####
btc     4042.29    4043.14    4037.61    4038.00       4.29      -5.53 *****
ltc       25.09      25.16      25.08      25.09       0.00      -0.08 #####
btc     4043.65    4044.21    4038.33    4038.34       5.31      -5.88 *****
ltc       25.09      25.16      25.09      25.10      -0.01      -0.07 #####
btc     4043.65    4044.43    4039.08    4039.09       4.56      -5.35 *****
ltc       25.09      25.17      25.09      25.10      -0.01      -0.08 #####
btc     4044.38    4044.55    4039.46    4039.57       4.81      -5.09 *****
ltc       25.09      25.18      25.10      25.11      -0.02      -0.08 #####
btc     4044.55    4045.22    4039.27    4039.50       5.05      -5.95 *****
ltc       25.10      25.18      25.11      25.12      -0.02      -0.07 #####
btc     4044.55    4045.22    4039.37    4039.49       5.06      -5.85 *****
ltc       25.10      25.18      25.11      25.12      -0.02      -0.07 #####
btc     4044.55    4045.22    4038.39    4039.14       5.41      -6.83 *****
ltc       25.10      25.19      25.11      25.12      -0.02      -0.08 #####
btc     4044.38    4045.22    4038.01    4038.03       6.35      -7.21 *****
ltc       25.10      25.19      25.11      25.12      -0.02      -0.08 #####
btc     4043.65    4043.83    4037.63    4037.65       6.00      -6.20 *****
ltc       25.10      25.19      25.10      25.11      -0.01      -0.09 #####
btc     4043.54    4043.60    4037.69    4037.74       5.80      -5.91 *****
ltc       25.10      25.18      25.10      25.11      -0.01      -0.08 #####
btc     4043.54    4044.31    4037.90    4037.97       5.57      -6.41 *****
ltc       25.10      25.18      25.10      25.11      -0.01      -0.08 #####
btc     4043.54    4044.33    4037.58    4037.68       5.86      -6.75 *****
ltc       25.10      25.18      25.10      25.11      -0.01      -0.08 #####
btc     4042.68    4044.07    4037.37    4037.71       4.97      -6.70 *****
ltc       25.10      25.18      25.10      25.11      -0.01      -0.08 #####
btc     4042.68    4044.07    4037.93    4037.94       4.74      -6.14 *****
ltc       25.10      25.18      25.11      25.12      -0.02      -0.07 #####
btc     4042.68    4044.31    4038.24    4038.34       4.34      -6.07 *****
ltc       25.10      25.19      25.11      25.12      -0.02      -0.08 #####
btc     4043.37    4044.41    4038.58    4038.66       4.71      -5.83 *****
ltc       25.10      25.19      25.11      25.12      -0.02      -0.08 #####
btc     4043.37    4044.74    4037.90    4037.98       5.39      -6.84 *****
btc     4043.37    4043.61    4037.00    4037.10       6.27      -6.61 *****
ltc       25.10      25.18      25.09      25.10       0.00      -0.09 #####
btc     4042.12    4043.29    4037.29    4037.36       4.76      -6.00 *****
ltc       25.10      25.18      25.10      25.11      -0.01      -0.08 #####
btc     4042.51    4043.29    4037.32    4037.51       5.00      -5.97 *****
ltc       25.09      25.18      25.10      25.11      -0.02      -0.08 #####
btc     4042.51    4044.14    4037.27    4037.29       5.22      -6.87 *****
ltc       25.10      25.18      25.10      25.11      -0.01      -0.08 #####
btc     4042.52    4044.14    4037.67    4037.68       4.84      -6.47 *****
ltc       25.10      25.18      25.10      25.11      -0.01      -0.08 #####
